
11 11 2018converge.TimeSlot@6bc7c054
11 11 2018converge.TimeSlot@232204a1
11 11 2018converge.TimeSlot@4aa298b7
11 11 2018converge.TimeSlot@7d4991ad
11 11 2018converge.TimeSlot@28d93b30
11 11 2018converge.TimeSlot@1b6d3586
11 11 2018converge.TimeSlot@4554617c
11 11 2018converge.TimeSlot@74a14482
11 11 2018converge.TimeSlot@1540e19d
11 11 2018converge.TimeSlot@677327b6
11 11 2018converge.TimeSlot@14ae5a5
11 11 2018converge.TimeSlot@7f31245a
11 11 2018converge.TimeSlot@6d6f6e28
11 11 2018converge.TimeSlot@135fbaa4
Party2
11 11 201824
11 11 201825
11 11 201826
11 11 201827
11 11 201828
11 11 201829
11 11 201824
11 11 201825
11 11 201826
11 11 201827
11 11 201828
11 11 201829
11 11 201830
11 11 201831
Party2
11 11 201824
11 11 201825
11 11 201826
11 11 201827
11 11 201828
11 11 201829
11 11 201824
11 11 201825
11 11 201826
11 11 201827
11 11 201828
11 11 201829
11 11 201830
11 11 201831
